 - name: Bagaar
   latitude: 51.2022753
   longitude: 4.4221947
   radius: 100