 - name: Bagaar
   latitude: 51.202770
   longitude: 4.420410
   radius: 40