 - name: XANT
   latitude: 51.264069
   longitude: 4.401620
   radius: 40